e =
  2.7182818284590452353602874713526624977572470936999595749669676277240766303535
47594571382178525166427427466391932003059921817413596629043572900334295260595630
73813232862794349076323382988075319525101901157383418793070215408914993488416750
92447614606680822648001684774118537423454424371075390777449920695517027618386062
61331384583000752044933826560297606737113200709328709127443747047230696977209310
14169283681902551510865746377211125238978442505695369677078544996996794686445490
59879316368892300987931277361782154249992295763514822082698951936680331825288693
98496465105820939239829488793320362509443117301238197068416140397019837679320683
28237646480429531180232878250981945581530175671736133206981125099618188159304169
03515988885193458072738667385894228792284998920868058257492796104841984443634632
44968487560233624827041978623209002160990235304369941849146314093431738143640546
25315209618369088870701676839642437814059271456354906130310720851038375051011574
77041718986106873969655212671546889570350354021234078498193343210681701210056278
80235193033224745015853904730419957777093503660416997329725088687696640355570716
22684471625607988265178713419512466520103059212366771943252786753985589448969709
64097545918569563802363701621120477427228364896134225164450781824423529486363721
41740238893441247963574370263755294448337998016125492278509257782562092622648326
27793338656648162772516401910590049164499828931505660472580277863186415519565324
42586982946959308019152987211725563475463964479101459040905862984967912874068705
04895858671747985466775757320568128845920541334053922000113786300945560688166740